  0.89451568
  0.89431366
  0.89312393
  0.89204158
  0.89107969
  0.89258977
  0.89443003
  0.89443416
  0.89408610
  0.89400345
  0.89528244
  0.89540093
  0.89594963
  0.89657505
  0.89675059
  0.89845169
  0.89858881
  0.89796790
  0.89716143
  0.89701833
  0.89546525
  0.89559802
  0.89490641
  0.89502971
  0.89423335
  0.89433350
  0.89469284
  0.89548441
  0.89601632
  0.89639068
  0.89599952
  0.89629487
  0.89572264
  0.89631761
  0.89959614
  0.90083850
  0.90081273
  0.90093450
  0.90138515
  0.90231484
  0.90205758
  0.90124456
  0.90087948
  0.90069420
  0.90002175
  0.89978055
  0.89894840
  0.89960519
  0.89948264
  0.89966708
  0.89994941
  0.89922875
  0.89934700
  0.90009254
  0.89732134
  0.89687466
  0.89715139
  0.89654820
  0.89651691
  0.89633369
  0.89711302
  0.89778352
  0.89830033
  0.89714460
  0.89737469
  0.89604667
  0.89654458
  0.89649339
  0.89646225
  0.89667467
  0.89522860
  0.89479944
  0.89454444
  0.89537449
  0.89672588
  0.89631084
  0.89714387
  0.89735393
  0.89716169
  0.89687763
  0.89685695
  0.89726248
  0.89800281
  0.89832550
  0.89799125
  0.90244587
  0.90154377
  0.89984667
  0.89947177
  0.90048967
  0.89995801
  0.90083165
  0.90023321
  0.89884380
  0.89841737
  0.89885228
  0.89904279
  0.89874791
  0.89926912
  0.89962414
  0.89880424
  0.89885555
  0.89814773
  0.89906930
  0.89996477
  0.89910005
  0.89812216
  0.89878361
  0.89927809
  0.89977710
  0.89919118
  0.89882809
  0.89816505
  0.89749110
  0.89623060
  0.89726598
  0.89649939
  0.89680712
  0.89572487
  0.89644658
  0.89675067
  0.89596848
  0.89575363
  0.89588221
  0.89533381
  0.89554110
  0.89547884
  0.89261438
  0.89453283
  0.89596530
  0.89671891
  0.89596389
  0.89559436
  0.89540702
  0.89629607
  0.89681703
  0.89894254
  0.89875752
  0.89826739
  0.89842127
  0.89838602
  0.89797218
  0.89863393
  0.89863665
  0.89853731
  0.89911063
  0.89834815
  0.89854069
  0.89882942
  0.89924016
  0.89624503
  0.89474726
  0.89284503
  0.89162584
  0.89123681
  0.89103208
  0.89172739
  0.89167739
  0.89100735
  0.89134609
  0.89209967
  0.89255986
  0.89210329
  0.89240774
  0.89211002
  0.89130426
  0.89138914
  0.89372837
  0.89359729
  0.89409757
  0.89219885
  0.89092569
  0.89103224
  0.89325746
  0.89342486
  0.89296306
  0.89361684
  0.89284164
  0.89286222
  0.89304175
  0.89285835
  0.89311582
  0.89269188
  0.89244715
  0.89249360
  0.89308456
  0.89472050
  0.89448609
  0.89527824
  0.89706515
  0.89702239
  0.89716322
  0.89600121
  0.89632007
  0.89647093
  0.89495546
  0.89521513
  0.89670775
  0.89672543
  0.89761288
  0.89586317
  0.89541130
  0.89608676
  0.89556461
  0.89554535
  0.89547403
  0.89467180
  0.89528560
  0.89611730
  0.89617908
  0.89681484
  0.89808907
  0.89988385
  0.89691338
  0.89894664
  0.89848116
  0.89888395
  0.89887402
  0.89826343
  0.89733664
  0.89721792
  0.89616294
  0.89485768
  0.89464408
  0.89570339
  0.89569940
  0.89527959
  0.89569895
  0.89637040
  0.89647695
  0.89561580
  0.89586932
  0.89784402
  0.89650539
  0.89589450
  0.89518526
  0.89581430
  0.89613005
  0.89608880
  0.89520096
  0.89541868
  0.89929813
  0.89915578
  0.90025266
  0.90045859
  0.89890076
  0.89863976
  0.89842843
  0.89828242
